FP1,FP2,F7,F8,F3,F4,T3,T4,C3,C4,T5,T6,P3,P4,O1,O2,FZ,CZ,PZ,TAG
9.041950170877758,11.481524695740559,6.091716933511342,7.381539486609683,8.128627560166848,8.184485092932718,10.790255969902887,10.079175703334045,9.960207812351664,11.973260243419864,9.656731889997083,11.287640473857687,10.931090011470971,3.0244881412007647,10.039634967899746,14.158164249206383,13.874033850844732,8.1512660725914,7.125540860894399,-1
15.115415974829105,17.259726606624074,10.714423443855052,16.078773487174747,14.162870644192768,16.544425612710278,8.844266965967204,8.805652896491328,18.023117354876547,17.45972452042893,15.560623883671893,18.222459903220585,14.600732830808163,16.260581769979208,19.22788610554409,16.794762109264173,10.594777276577075,10.809767167189593,14.51009179828346,-1
15.018027373378454,14.557832000027728,7.404214726211353,9.436653181334723,8.152255651221942,12.240428367837636,6.864401428272962,9.24312725473458,8.491881445433679,8.290432500629066,9.088569941602463,9.963283605951597,12.856093976399345,6.500688109881022,12.687580163042044,9.028963436258104,7.2299391880337724,12.132381649858212,12.240849210873078,-1
18.202833249622135,12.354015634200598,6.540734146857446,6.689837325497971,3.8455341605895805,6.147362697250604,0.8368709729876206,7.6405806151087585,3.94424809138816,6.301780942226336,5.368405388984972,6.73261314591567,6.262910046271608,6.600787975406604,9.420256385060739,9.242999467634759,11.074808130021173,1.7241115054610667,5.18763884142542,-1
7.299846745034181,8.48154758129813,10.292401564123681,3.153203565059987,11.201532046427113,4.012918357153622,7.315470715393681,7.607274454832022,9.812617192707195,7.886832310389054,8.937259478508372,6.468269153444953,9.62703497406318,4.761486212008944,10.162880172116033,11.155552048806008,3.606936730189472,8.385354978745209,12.098371391255098,-1
9.462185894979358,7.542263647334514,11.558095944927771,11.657493064944976,12.528504764770917,-1.5618773877996261,-4.822205946285554,8.967984588368992,1.1329372798128003,3.782319284330417,10.178140508104008,13.32092363352631,9.28920902186301,4.153894749074119,10.230672697229675,10.804985118351661,7.747176972844993,4.524928242298639,10.537335140971555,-1
8.725394912236565,8.863435228897188,5.364913331498657,7.819469243458151,8.073761877845982,10.059358888831369,7.075014428960244,4.0220632170466075,7.377181309528734,2.5589311750635044,7.872504273791112,5.180740180203909,7.38639189470907,1.2320811353046288,5.012627943800347,6.657524211974303,8.843684616874157,5.027578467881901,9.750797355761707,-1
12.777490937614997,12.672247560054844,14.232710849555229,11.849909113737585,14.96782247841853,15.032613991950306,13.508566001616416,9.445678460689853,12.603883848777217,13.839257185589274,11.28802356436073,17.27069629059229,12.440160744460588,14.388662482531615,17.786117238969574,14.649156564856302,11.177321577000376,17.786902504769287,22.344879365576524,-1
15.971096206540125,16.833215279729934,5.25125065197293,13.888128576410175,7.726476372814194,3.40930146285977,1.4847052058545074,-0.9636678565320338,11.53126370496411,6.941303051758372,15.823889533406602,12.396794688359863,15.198953089207556,1.318098595232974,20.12791302677727,13.022884367391523,14.636099947783364,4.442500356246147,15.492013505125028,-1
11.628769388383093,12.384953495852205,11.906322285667875,12.718537871046253,14.15344215888829,11.19615947225066,11.423431784340222,12.001887927013907,8.399259128727918,7.320471080544008,11.432287108276869,13.21483999362329,8.43440716729785,3.2379792222939034,8.937850981065349,14.383119725265871,13.782173281227129,12.315119010010664,17.402595798265434,-1
15.808281580391984,14.301216435435325,9.516900102117228,11.508581567601533,10.587498793892538,11.079763935571094,17.798850407331262,10.644943444535064,11.628476431388377,12.63092721097964,12.077711000252476,20.693305636902686,19.90832519824818,13.438482294514182,14.403747347314056,19.12957501863634,18.855251069876825,12.991851689353787,21.58950712014762,-1
12.672372578521404,10.354055831169795,12.443625280125152,9.36616512519313,15.668720620483347,7.767271658119158,10.389190575810899,8.327562182537,14.978688407345043,9.571365423358579,0.018631218813012895,12.333567229292681,10.541637854531611,6.181147568116897,13.46140532286275,4.360238952269582,9.23283955982129,17.578366017913392,16.277477984254244,-1
15.875921350545553,14.914466949502499,12.893680023974841,6.66992610169128,22.292807428979238,6.142833583482835,12.547790574366452,11.498758432841143,13.374026730179523,11.43360015592334,13.279906922206925,15.870677215275903,12.248391878549874,10.808696673134156,14.901382643271308,11.83480248288814,14.292817035771524,14.78526441157207,13.41006653950374,-1
8.670167766963786,6.746341860216457,12.067134741815426,7.733719154344535,12.536680967248747,5.937881606930329,8.331147334528062,11.000335341534466,12.139482953082428,12.34607003941061,-8.512541241764675,7.177580440505481,4.989004731375056,3.3939325843931845,11.318072553411007,4.26465713585137,10.603948099376177,3.2382152010345573,11.10722700086724,-1
14.832056909257316,15.126109556947439,12.67089939425123,10.127092610835,14.985308849397867,4.533054932273368,12.07674222247063,12.704702990738488,5.958007692240811,11.941657518211736,12.695579039178686,11.597908554850896,16.816926336156932,12.120789703004506,16.62330295096265,20.56731859670261,13.988980514629585,13.416679371129986,11.795261382214475,-1
12.305912801324688,15.690608393502497,10.91882359985852,11.426142117288178,7.022793338253396,8.293839546237203,6.455524967860335,13.012382788137936,9.103905004203718,12.976362448238586,11.258011463770748,14.735374043833081,10.209258174865235,6.584007626179275,11.035676279830291,7.789812136804656,18.010446781108914,9.457115250784101,11.887640319208147,-1
10.312178689811756,16.41564174745908,10.3769081485518,13.534185901890192,9.493564096972356,12.880876481658479,8.3595783244088,13.06371479422912,15.463973251474146,13.489821634008747,16.41176825772737,15.179358060917595,17.435420327107842,7.991113917965027,14.111380770696282,7.762232906372595,9.425033971276934,6.5351395162991945,14.1639932962857,-1
11.640046152396385,17.764110756272203,14.22187868904421,11.43509455596981,15.05369904197719,11.374393347771406,12.66449770348995,9.608443407815704,14.456682092510981,8.291946125423177,13.497891575143727,11.240948008191436,11.953807748251098,12.214472530235843,13.614247820660204,18.534585088271726,12.895148682683747,13.748265631762166,15.039275082841964,-1
16.3869838770237,8.774229705849129,15.907514333322306,17.008152430112304,13.562771684135315,7.265236205936773,13.686331116075072,7.013435099907151,16.353241233113824,10.810081168175135,18.35971967497518,14.984587373721972,12.701381796616827,12.83850684235328,17.436931961064815,17.55025137241288,17.73380743100732,8.81428684139802,17.869469927498507,-1
4.848634411509759,21.312599706604363,14.063186944043792,15.82344153893706,11.950370738908696,8.597609307935082,9.568339400478736,12.799728009302116,10.488882026305074,17.05214025894103,12.813168534072789,22.893239523995984,16.396434281683874,11.474498619733863,17.07058975499705,9.878678886667489,15.125914018725666,19.111516346450493,17.953353475378215,-1
5.626964746210022,20.224700600747006,8.393361334082726,13.658041568753756,10.540244690494834,8.947212901099718,8.75117781473655,10.826130116837751,10.228576143021677,5.173918524066355,13.944200674540783,25.48422034815856,14.373395667381079,15.724657359136254,7.6046839310042555,12.844532293706635,15.08045963950362,10.830634865244159,14.285948219287489,-1
14.76077603241932,8.727151665983424,18.550990933292432,10.484064519356785,8.818338039536853,9.038579333277307,10.093235253415687,6.053542129860134,5.815629597342091,15.044139228750478,11.84874122898227,14.255940403885873,9.654328046572125,9.143681265214074,6.647420654070855,12.905938370203144,16.10951081756533,14.904229938587637,13.722426105451092,-1
17.328041383572334,14.24570004463165,11.508856578668905,12.474705099779564,11.618865866575865,7.4116944586320255,14.31984932071438,6.468166823508682,13.232690304883949,9.600815117026471,15.153005535685656,3.996118113831705,11.233938077493077,6.70530819846539,10.825685953026731,13.623066987814564,15.178002396136785,15.572593635584502,15.335536725985511,-1
